1 0
1 1
3 2
7 5
17 12
41 29
99 70
239 169
577 408
1393 985
3363 2378
8119 5741
19601 13860
47321 33461
114243 80782
275807 195025
665857 470832
1607521 1136689
3880899 2744210
9369319 6625109
22619537 15994428
54608393 38613965
131836323 93222358
318281039 225058681
768398401 543339720
1855077841 1311738121
4478554083 3166815962
10812186007 7645370045
26102926097 18457556052
63018038201 44560482149
152139002499 107578520350
367296043199 259717522849
886731088897 627013566048
2140758220993 1513744654945
5168247530883 3654502875938
12477253282759 8822750406821
30122754096401 21300003689580
72722761475561 51422757785981
175568277047523 124145519261542
423859315570607 299713796309065
1023286908188737 723573111879672
2470433131948081 1746860020068409
5964153172084899 4217293152016490
14398739476117879 10181446324101389
34761632124320657 24580185800219268
83922003724759193 59341817924539925
202605639573839043 143263821649299118
489133282872437279 345869461223138161
1180872205318713601 835002744095575440
2850877693509864481 2015874949414289041
6882627592338442563 4866752642924153522
16616132878186749607 11749380235262596085
40114893348711941777 28365513113449345692
96845919575610633161 68480406462161287469
233806732499933208099 165326326037771920630
564459384575477049359 399133058537705128729
1362725501650887306817 963592443113182178088
3289910387877251662993 2326317944764069484905
7942546277405390632803 5616228332641321147898
19175002942688032928599 13558774610046711780701
46292552162781456490001 32733777552734744709300
111760107268250945908601 79026329715516201199301
269812766699283348307203 190786436983767147107902
651385640666817642523007 460599203683050495415105
1572584048032918633353217 1111984844349868137938112
3796553736732654909229441 2684568892382786771291329
9165691521498228451812099 6481122629115441680520770
22127936779729111812853639 15646814150613670132332869
53421565080956452077519377 37774750930342781945186508
128971066941642015967892393 91196316011299234022705885
311363698964240484013304163 220167382952941249990598278
751698464870122983994500719 531531081917181734003902441
1814760628704486452002305601 1283229546787304717998403160
4381219722279095887999111921 3097990175491791170000708761
10577200073262678228000529443 7479209897770887057999820682
25535619868804452344000170807 18056409971033565286000350125
61648439810871582916000871057 43592029839838017630000520932
148832499490547618176001912921 105240469650709600546001391989
359313438791966819268004696899 254072969141257218722003304910
867459377074481256712011306719 613386407933224037990008001809
2094232192940929332692027310337 1480845785007705294702019308528
5055923762956339922096065927393 3575077977948634627394046618865
12206079718853609176884159165123 8631001740904974549490112546258
29468083200663558275864384257639 20837081459758583726374271711381
71142246120180725728612927680401 50305164660422142002238655969020
171752575441025009733090239618441 121447410780602867730851583649421
414647397002230745194793406917283 293199986221627877463941823267862
1001047369445486500122677053453007 707847383223858622658735230185145
2416742135893203745440147513823297 1708894752669345122781412283638152
5834531641231893991002972081099601 4125636888562548868221559797461449
14085805418356991727446091676022499 9960168529794442859224531878561050
34006142477945877445895155433144599 24045973948151434586670623554583549
82098090374248746619236402542311697 58052116426097312032565778987728148
198202323226443370684367960517767993 140150206800346058651802181530039845
478502736827135487987972323577847683 338352530026789429336170142047807838
1155207796880714346660312607673463359 816855266853924917324142465625655521
2788918330588564181308597538924774401 1972063063734639263984455073299118880
6733044458057842709277507685523012161 4760981394323203445293052612223893281
16255007246704249599863612909970798723 11494025852381046154570560297746905442
39243058951466341909004733505464609607 27749033099085295754434173207717704165
94741125149636933417873079920900017937 66992092050551637663438906713182313772
